value,count,share,detections,detection_rate,rate_vs_overall
0,189119,0.021198157301874587,92590,0.48958592209138163,-0.010206769325505016
1,8641014,0.9685625136538398,4321114,0.5000702463854357,0.00027755496854908746
__MISSING__,91350,0.010239329044285575,45188,0.4946688560481664,-0.005123835368720242
